 1.55648589e-01 9.78000760e-02 4.65358496e-02 1.47420168e-02
 1.85018778e-02 3.19777131e-02 1.01268888e-02 2.66146064e-02
 4.97015715e-02 6.86565042e-02 9.34476256e-02 8.61449242e-02
 9.64536667e-02 1.07324719e-01 4.88499403e-02 4.18165326e-02
 4.00328040e-02 5.84940910e-02 7.17818737e-03 9.22977924e-03
 2.99949050e-02 6.30378723e-04 1.11692548e-02 4.70723510e-02
 4.63318825e-02 6.72301054e-02 2.28856206e-02 8.02483559e-02
 5.10628223e-02 4.72369194e-02 1.14011765e-03 4.99402881e-02
 9.45872664e-02 7.34069943e-02 1.90423220e-01 1.57287359e-01
 3.03307414e-01 7.10541308e-02 1.90420106e-01 2.96572000e-02
 3.06246318e-02 9.57036763e-02 1.10465080e-01 1.44308805e-03
 9.72813219e-02 2.44985998e-01 1.64747536e-01 3.68015170e-02
 1.95177794e-01 8.73681307e-02 2.36315608e-01 7.27629662e-01
 8.46758127e-01 2.45347500e-01 2.10801482e-01 7.79807568e-02
 4.37809229e-02 2.90362835e-01 4.11769986e-01 5.22395015e-01
 3.18635821e-01 2.21492052e-02 6.40076399e-02 3.87017727e-01
 5.54141521e-01 4.24399614e-01 5.36577225e-01 3.57712984e-01
 1.26053572e-01 1.09019279e-01 5.10916710e-02 7.63526559e-01
 1.94931030e-03 4.99585867e-02 1.23821735e-01 6.27338290e-02
 4.42069173e-02 3.56000662e-02 7.54421353e-02 5.60194999e-02
 9.34094265e-02 1.27836578e-02 1.17592886e-03 1.28578767e-02
 1.08003914e-02 1.99439526e-02 2.07157135e-02 8.90200436e-02
 1.28222793e-01 4.21462357e-02 8.78144801e-02 1.38033777e-01
 1.37017131e-01 1.26621813e-01 1.17962480e-01 1.48322940e-01
 1.18686378e-01 8.60907435e-02 5.34880161e-02 6.80708885e-03
 1.76459551e-02 5.24868965e-02 2.01103091e-02 2.70699859e-02
 4.56885099e-02 1.10313296e-02 4.53521609e-02 7.35771656e-03
 6.03560209e-02 7.50894547e-02 1.20136440e-01 1.27312839e-01
 1.02301896e-01 9.76226330e-02 7.20567703e-02 7.67921209e-02
 2.24133134e-02 2.60264874e-02 4.17714715e-02 8.40091109e-02
 1.06392384e-01 2.61986852e-02 2.56657004e-02 4.22117114e-02
 4.55526710e-02 6.16077781e-02 3.08985710e-02 1.81162953e-02
 7.12218881e-02 1.42807603e-01 2.53311485e-01 2.89379984e-01
 1.67872876e-01 6.14023805e-02 9.58736241e-02 1.01884693e-01
 1.18532151e-01 2.87519153e-02 9.89432260e-02 3.53251249e-02
 8.47608447e-02 1.99813426e-01 2.24600792e-01 2.48187333e-01
 1.02038741e-01 4.81023788e-02 4.46165800e-02 6.52289391e-02
 5.55486441e-01 3.43384385e-01 4.77457047e-03 1.04649186e-01
 2.39932775e-01 4.28757727e-01 4.44310784e-01 3.69490147e-01
 1.61034346e-01 1.81307554e-01 1.49898291e-01 6.00345135e-02
 3.65702152e-01 2.92443514e-01 4.47877884e-01 3.55937481e-01
 5.27558088e-01 4.48366642e-01 1.38818026e-01 1.19468808e-01
 3.36905003e-01 1.42729402e-01 1.78374887e-01 2.62053013e-01
 1.26033425e-01 8.93391371e-02 1.34518266e-01 1.04787335e-01
 1.21169306e-01 1.78616811e-02 3.27483267e-02 1.82937682e-02
 3.98620963e-02 4.99403775e-02 1.58917904e-03 1.51321888e-02
 1.04124844e-01 5.18727601e-02 1.36973739e-01 1.35054708e-01
 1.03463113e-01 1.32059008e-01 1.23121381e-01 1.56868041e-01
 1.18957162e-01 1.34710729e-01 7.51581788e-02 5.30665517e-02
 2.73702145e-02 2.78121233e-03 1.63322091e-02 1.42427683e-02
 2.42670178e-02 3.52059007e-02 1.40248537e-02 1.66535378e-02
 1.25842690e-02 4.66712117e-02 1.22090757e-01 1.02629721e-01
 9.18045044e-02 3.26097012e-02 9.07865167e-02 6.00442290e-02
 8.69446993e-03 3.85803580e-02 4.93211746e-02 2.38394141e-02
 2.65520811e-03 1.19194388e-02 3.11034322e-02 9.66914296e-02
 4.39902544e-02 6.93070889e-03 3.64547968e-02 4.84171510e-02
 1.29909813e-01 7.45794177e-02 1.62817866e-01 1.88448489e-01
 1.96213126e-01 1.34591132e-01 1.34717524e-02 1.43035054e-02
 2.18117684e-02 5.88247627e-02 3.18992883e-02 1.73853457e-01
 7.18829036e-03 1.02049768e-01 9.68069136e-02 1.38553500e-01
 1.95407212e-01 2.18359351e-01 5.39659262e-02 1.78694487e-01
 6.43217564e-01 4.34212208e-01 2.35317349e-01 4.72164154e-02
 5.44031024e-01 5.06231368e-01 5.40543914e-01 4.97388959e-01
 7.50162601e-02 1.85339689e-01 1.21450305e-01 1.20567799e-01
 5.25803804e-01 3.42914820e-01 3.34395647e-01 5.28323531e-01
 6.29276633e-01 3.81407738e-01 1.59152985e-01 1.62645817e-01
 3.13376665e-01 2.30121136e-01 2.92639673e-01 2.38104463e-01
 8.46886039e-02 2.98517942e-02 1.43257409e-01 7.27847070e-02
 1.04988791e-01 2.28199996e-02 2.18159556e-02 1.18508190e-02
 5.44552952e-02 4.85396087e-02 2.41923630e-02 1.03718340e-02
 9.51082110e-02 2.83795595e-02 1.22522742e-01 1.52464956e-01
 1.44949317e-01 1.97063237e-01 1.24938071e-01 1.61708117e-01
 2.75117636e-01 2.70004302e-01 2.17032254e-01 1.44214094e-01
 5.39957285e-02 2.08856344e-01 1.89674079e-01 6.22918010e-02
 1.64453804e-01 2.81520486e-02 4.68093157e-02 3.41705680e-02
 1.37842894e-01 4.85705733e-02 8.40089917e-02 7.25812912e-02
 2.78767347e-02 5.85150123e-02 1.57151222e-02 5.48940301e-02
 6.46466017e-03 1.38446093e-02 1.53862834e-02 7.06774592e-02
 2.96520591e-02 2.90036798e-02 1.85849667e-02 5.85544109e-02
 8.13364983e-04 4.50885296e-03 6.09456897e-02 1.80034697e-01
 1.33584917e-01 2.76773393e-01 2.43170470e-01 2.82342494e-01
 2.93260515e-01 2.24682599e-01 1.45258039e-01 1.79914981e-02
 2.96031162e-02 1.27069160e-01 1.08646862e-01 6.11942559e-02
 1.61183923e-01 2.18732789e-01 1.99597031e-01 2.59508997e-01
 1.44406378e-01 5.62101603e-02 5.33374548e-02 2.92495608e-01
 7.73862600e-01 4.48009968e-01 1.59486532e-02 2.44976282e-01
 1.33900642e-01 1.42343998e-01 2.60047436e-01 4.34178233e-01
 1.31017923e-01 2.05872059e-02 9.95554924e-02 3.53917360e-01
 4.64856386e-01 4.82882261e-01 7.99593449e-01 7.08150864e-03
 9.52808857e-02 3.26788425e-02 8.99634361e-02 5.75589180e-01
 3.76096964e-01 1.97203040e-01 8.86416435e-03 3.29489946e-01
 2.46117890e-01 3.50134194e-01 8.16314816e-02 1.22974515e-01
 6.21680319e-02 2.43207306e-01 9.74789560e-02 1.84620574e-01
 2.23711327e-01 1.45645902e-01 7.95608759e-03 3.08907032e-02
 2.43366197e-01 1.12194210e-01 1.37209237e-01 1.48387372e-01
 4.50438827e-01 2.32008845e-01 2.34977365e-01 1.90419286e-01