 0.07471943 0.07880306 0.16278231 0.1924839  0.19880009 0.15026999
 0.13805306 0.14477158 0.13459945 0.05847108 0.01594019 0.00591707
 0.11268973 0.03031158 0.08512378 0.11927867 0.07037067 0.00389606
 0.00586563 0.18083316 0.209494   0.08202311 0.07251187 0.03904563
 0.08731943 0.03307223 0.00403076 0.06104526 0.00968158 0.08768541
 0.02004164 0.03459984 0.05779576 0.01154655 0.02060789 0.01439923
 0.15394312 0.01656961 0.1587261  0.06995696 0.06703067 0.02198565
 0.04552126 0.03511465 0.03050745 0.02291203 0.06917691 0.0574578
 0.03803611 0.10607386 0.17561126 0.16524291 0.26199293 0.1971873
 0.2483108  0.1462729  0.04106408 0.05815077 0.06572461 0.00512534
 0.16798586 0.1004982  0.19364744 0.13292408 0.23213965 0.18492216
 0.13925767 0.03959668 0.00775325 0.01145649 0.04931897 0.0305379
 0.00585055 0.2877571  0.22434664 0.30577067 0.03134882 0.14870661
 0.1295792  0.06433114 0.21056533 0.18383503 0.242302   0.18692857
 0.14834118 0.03992558 0.07035094 0.04060316 0.040079   0.01903641
 0.01171899 0.09491277 0.10404265 0.13948071 0.04434323 0.29802883
 0.1209085  0.1695112  0.10226035 0.18635917 0.18887877 0.20068562
 0.12761319 0.09286296 0.11716115 0.15724814 0.0547688  0.06661296
 0.10838771 0.08101308 0.12937331 0.11829114 0.09338307 0.04065555
 0.0268898  0.14092779 0.2714628  0.06410684 0.03883642 0.00454202
 0.08709779 0.05684906 0.07960361 0.1245234  0.02991557 0.16546416
 0.0235393  0.02690309 0.10448158 0.10924268 0.01352704 0.11217952
 0.20057517 0.22900325 0.21883196 0.22325045 0.14265531 0.13844502
 0.09280699 0.04568398 0.11655092 0.11136591 0.06645632 0.09163892
 0.08759284 0.06911612 0.22268796 0.22469139 0.30979252 0.33354676
 0.30560344 0.21123064 0.02783853 0.14156532 0.06610554 0.23910034
 0.0140543  0.07022887 0.0784784  0.14047903 0.10826784 0.03139853
 0.1384756  0.05368793 0.12888062 0.0164355  0.1245051  0.06394154
 0.06787628 0.5919186  0.45091808 0.59103024 0.24639623 0.22178839
 0.0817585  0.10678738 0.01843059 0.10023206 0.22935385 0.20656759
 0.08983696 0.01615691 0.01685166 0.21712732 0.36335742 0.28073335
 0.23434985 0.05390847 0.00339592 0.01264894 0.02787769 0.347301
 0.09599626 0.02131128 0.05189037 0.00527978 0.00386679 0.01407933
 0.01054549 0.00122011 0.02021873 0.08021939 0.08924615 0.11723411
 0.17986822 0.1320157  0.02688837 0.05329943 0.01784801 0.04784507
 0.14351332 0.2894377  0.10476425 0.00572041 0.01372201 0.02760807
 0.09517968 0.17162326 0.12869197 0.15560752 0.08236539 0.16436628
 0.13981766 0.08010846 0.16043139 0.11302012 0.04929346 0.09234667
 0.08140147 0.09692049 0.0521847  0.0337472  0.00779152 0.06917429
 0.0107348  0.02335536 0.03091609 0.00830638 0.03458822 0.0483166
 0.02066588 0.03470016 0.12859738 0.126302   0.19311345 0.32948017
 0.18826258 0.12873584 0.04535133 0.08578581 0.06667387 0.0440318
 0.04616374 0.02875072 0.02121305 0.18777841 0.15083939 0.08979827
 0.25723034 0.18643707 0.03774589 0.02365863 0.1233623  0.13211066
 0.27575207 0.13350233 0.3384325  0.15197518 0.08463669 0.12410912
 0.06447185 0.04775751 0.04555947 0.16339236 0.24513495 0.20944929
 0.13484251 0.05204582 0.01807833 0.00702006 0.18883598 0.20216393
 0.14871442 0.01310694 0.1257863  0.1344974  0.01986885 0.41175318
 0.15629697 0.06507933 0.04609168 0.05077529 0.01590943 0.03707051
 0.02333021 0.06622219 0.09903014 0.17558455 0.17844677 0.13729107
 0.2452271  0.23963583 0.23356116 0.02178025 0.02129722 0.11298662
 0.01064724 0.21643329 0.22017074 0.09519729 0.0200967  0.00257485
 0.06413677 0.0055778  0.00382921 0.07228217 0.06298852 0.02801371
 0.06688917 0.00566775 0.00277436 0.11967194 0.01975977 0.06046069
 0.04936486 0.10819268 0.0330658  0.07323015 0.02051914 0.06490302
 0.06704122 0.05916095 0.05136192 0.03927171 0.058869   0.06035316
 0.01782668 0.05067575 0.09481037 0.09820914 0.12928712 0.14820802
 0.19461071 0.17392445 0.08656037 0.11599839 0.1664707  0.10256481
 0.13994151 0.03284663 0.22407877 0.12810934 0.17629087 0.06120092
 0.04475504 0.02977473 0.02577919 0.01274174 0.04184335 0.02734691
 0.12014878 0.08482426 0.34299114 0.2954173  0.04102758 0.11218622
 0.28129694 0.1539575  0.29187256 0.26051134 0.32673913 0.30917376
 0.22184557 0.1868828  0.20257741 0.0520401  0.08459961 0.06207466
 0.13486719 0.02442384 0.12927079 0.24527311 0.15834165 0.27743006