 0.47677624 0.25826275 0.15715452 0.20139793 0.2760252  0.30447388
 0.379597   0.18612495 0.17835699 0.38631198 0.39583033 0.40179634
 0.52391493 0.46614772 0.37832502 0.11820373 0.521536   0.57509947
 0.7337965  0.09796309 0.33704257 0.32801712 0.3621552  0.29937816
 0.35705388 0.48829806 0.4882499  0.5539266  0.41944802 0.00277394
 0.04231411 0.4800672  0.2604041  0.09060192 0.4053161  0.28703415
 0.313915   0.18078136 0.4481995  0.25187588 0.11147046 0.20381093
 0.22888619 0.02726585 0.01494908 0.03355953 0.02500841 0.19291516
 0.07265895 0.2710024  0.35233757 0.47018832 0.28276372 0.2652017
 0.14551947 0.13381696 0.24267113 0.531635   0.35823035 0.3167379
 0.17212462 0.18585074 0.09954596 0.20105225 0.21508455 0.01801828
 0.43336916 0.1050534  0.15028208 0.32096338 0.43757677 0.03497744
 0.67904913 0.21940494 0.5231372  0.13127875 0.39133596 0.3992828
 0.24602652 0.0349381  0.06877434 0.0745573  0.21837771 0.21183205
 0.18443221 0.08822715 0.02676046 0.12453848 0.4256286  0.37406135
 0.25783175 0.02974051 0.09708101 0.1600973  0.10565215 0.77558565
 0.16268018 0.12960127 0.3590302  0.4503232  0.41691732 0.39329708
 0.30649245 0.38754934 0.38892823 0.25248277 0.12925085 0.281747
 0.05048394 0.09016705 0.01831663 0.41359514 0.12799323 0.00241339
 0.04352403 0.44463348 0.3564546  0.17542696 0.24580562 0.2961197
 0.2886412  0.27948058 0.14843047 0.05818868 0.05861831 0.02826238
 0.00668609 0.07034576 0.01386631 0.4035282  0.41003168 0.11662412
 0.28289056 0.2507527  0.26561385 0.10927212 0.05102366 0.24429369
 0.31440794 0.42347836 0.5123129  0.32173237 0.39634934 0.37806243
 0.35896423 0.3554855  0.32690942 0.32847258 0.04281674 0.19190913
 0.12812889 0.25614926 0.3967312  0.22816859 0.22939296 0.16956607
 0.24803594 0.14075169 0.4066885  0.3554997  0.55822796 0.5630821
 0.63586986 0.30729836 0.13838233 0.08258413 0.14938547 0.18230003
 0.22528279 0.749854   0.46465904 0.58289254 0.15515292 0.2768265
 0.34762716 0.01758277 0.2831564  0.30070806 0.30065203 0.30907613
 0.33921093 0.2071122  0.22231492 0.02602744 0.15202707 0.1296888
 0.11787108 0.36045554 0.31518772 0.48460034 0.2727961  0.8483363
 0.1644032  0.00883633 0.20630783 0.13245946 0.1471402  0.20951444
 0.02794671 0.10974872 0.02432579 0.09609056 0.14840281 0.01927412
 0.13005984 0.10439897 0.48759317 0.0591346  0.0387373  0.02089477
 0.03654301 0.02661228 0.28244507 0.24468696 0.0775795  0.19061601
 0.16849935 0.17785978 0.075544   0.26952434 0.04470789 0.14949602
 0.53478706 0.35929298 0.14095497 0.03275871 0.22996473 0.32380867
 0.5048307  0.37598133 0.46464074 0.28879166 0.49350694 0.20687246
 0.24146529 0.13584666 0.21011826 0.15786585 0.11718637 0.08126324
 0.2793721  0.21880314 0.49391988 0.40827948 0.38192043 0.16945428
 0.10034418 0.23397297 0.44774824 0.5630924  0.09060657 0.42520517
 0.10123378 0.06650263 0.40862858 0.4690522  0.5029135  0.36871856
 0.5008924  0.03993982 0.09991491 0.25223947 0.5082907  0.37355304
 0.36338568 0.92145836 0.7116971  0.59509957 0.17636144 0.05251753
 0.55289316 0.21358824 0.44494843 0.36154526 0.35146075 0.41578016
 0.14289844 0.16901562 0.10265851 0.01822221 0.1178048  0.14274761
 0.16111708 0.55065966 0.6164758  0.5804919  0.5744455  0.9803524
 0.13216953 0.02260773 0.21983154 0.33389944 0.29747048 0.371902
 0.31456694 0.28350112 0.1642788  0.14552796 0.02748352 0.01138401
 0.19925052 0.17109352 0.32688826 0.02288401 0.01886648 0.1495763
 0.01449013 0.41700518 0.20860934 0.2998526  0.08730745 0.18725586
 0.20236921 0.09504926 0.04535282 0.19600284 0.2057625  0.14383721
 0.07553595 0.0928334  0.23277795 0.38798475 0.6535313  0.6140443
 0.6146593  0.5783962  0.33703208 0.4385615  0.41353005 0.35665143
 0.3646351  0.0448907  0.05519372 0.25434923 0.11296485 0.13495165
 0.09159629 0.09118752 0.16405174 0.26343495 0.06568602 0.2648496
 0.17433253 0.33535725 0.5715674  0.42302364 0.28034514 0.07717057
 0.0841933  0.2747027  0.24375726 0.05667254 0.17449135 0.09401712
 0.01423538 0.15254253 0.33826265 0.54243237 0.7538858  0.561321
 0.9359114  0.55842346 1.014067   0.90121484 0.00520301 0.02050507
 0.26084185 0.16758037 0.09830737 0.18892181 0.19113433 0.24781173
 0.19794112 0.10153645 0.27694106 0.49929687 0.6310109  0.42995498
 0.69382924 0.38634986 0.06912982 0.11215627 0.10054702 0.2953511