 3.83761227e-02 1.53515875e-01 1.16943128e-01 3.83327007e-02
 4.30330634e-03 1.17533803e-02 1.17657185e-02 3.03689241e-02
 5.92201948e-03 1.76925659e-02 4.17156219e-02 1.45313740e-02
 2.12501287e-02 3.17938328e-02 1.54273510e-02 2.14939117e-02
 2.35080719e-03 1.80208683e-03 8.96588564e-02 5.95235825e-02
 6.88699484e-02 4.52041626e-04 1.06463432e-02 1.40434504e-02
 8.09693336e-03 1.50902271e-02 4.72232103e-02 1.09820366e-02
 9.72807407e-03 2.76565552e-02 8.73768330e-03 1.15712881e-02
 5.15279770e-02 2.12826729e-02 3.94926071e-02 5.43981791e-02
 6.74204826e-02 2.31938362e-02 7.80026913e-02 1.16359055e-01
 1.05717242e-01 1.43552423e-01 9.99396443e-02 8.09242129e-02
 5.64909875e-02 2.08218992e-02 1.52829617e-01 1.92345098e-01
 3.05287719e-01 3.17865431e-01 9.22343582e-02 5.84006459e-02
 2.33885795e-01 3.19528103e-01 3.45765591e-01 2.77951092e-01
 3.34561020e-01 2.68313557e-01 1.89834923e-01 1.60873473e-01
 1.25469327e-01 4.99753952e-02 1.06424093e-02 2.13764906e-02
 6.41071200e-02 1.28796875e-01 1.41304433e-01 1.65928006e-01
 1.30427659e-01 1.50923550e-01 1.74924135e-01 1.55633569e-01
 1.18797600e-01 9.91831422e-02 2.40477324e-02 2.71430612e-02
 2.03652382e-02 5.20963669e-02 9.93199348e-02 6.65261745e-02
 1.18772924e-01 1.15445852e-01 4.39363122e-02 1.50408149e-02
 1.22314692e-02 3.72995734e-02 7.51561522e-02 8.04811716e-02
 1.00177646e-01 7.92058706e-02 3.61860991e-02 6.30391240e-02
 6.49570823e-02 7.82021880e-02 8.83586407e-02 3.12250257e-02
 3.54149938e-03 9.38061476e-02 6.99401125e-02 9.95949507e-02
 9.41925943e-02 6.32740855e-02 1.41372502e-01 1.84127510e-01
 2.13138580e-01 2.31087148e-01 1.80494666e-01 1.31713748e-01
 1.55617833e-01 1.24525189e-01 1.93868279e-01 2.23919630e-01
 1.95417166e-01 2.09351897e-01 1.71720147e-01 1.95021033e-01
 1.86627865e-01 2.03844190e-01 1.79075122e-01 2.04108834e-01
 1.37866855e-01 1.72365069e-01 1.34365082e-01 1.79695129e-01
 1.63166881e-01 1.36022449e-01 1.23167992e-01 1.20092630e-01
 6.31955862e-02 1.33082032e-01 1.13591552e-01 4.40764427e-02
 2.42257118e-03 2.66678333e-02 1.17712498e-01 1.62328660e-01
 1.78021431e-01 1.84002459e-01 1.24637485e-01 1.11311704e-01
 6.47169352e-03 1.00926578e-01 2.55193353e-01 2.33479381e-01
 4.06734496e-01 2.57661849e-01 5.07447943e-02 3.07632685e-01
 3.27974558e-03 1.07560545e-01 1.62605658e-01 1.15862519e-01
 2.06973523e-01 1.94667161e-01 1.67227566e-01 1.51085973e-01
 1.07423544e-01 6.27130866e-02 5.76272607e-02 3.81444693e-02
 1.95478797e-02 4.07916903e-02 9.67859626e-02 1.61900282e-01
 1.45327389e-01 2.25790441e-01 2.71431208e-01 2.17344403e-01
 2.20133960e-01 1.84025049e-01 1.49315953e-01 5.38457632e-02
 4.45663929e-04 9.02110338e-03 7.37110376e-02 8.56774449e-02
 1.00379646e-01 9.45931077e-02 4.92691994e-04 3.67045403e-02
 1.15770996e-01 1.24211848e-01 1.64034486e-01 1.36781156e-01
 1.39191270e-01 1.44394755e-01 1.03824973e-01 1.56054199e-01
 1.28028929e-01 1.60057306e-01 1.67966187e-01 7.50119090e-02
 5.79212308e-02 7.81532228e-02 1.39702559e-02 3.34770791e-02
 1.60237551e-02 1.83426142e-02 2.08186507e-02 6.72382116e-02
 7.25209713e-02 9.85544324e-02 6.98336363e-02 2.64418125e-02
 3.89194489e-03 5.65934181e-03 1.57413483e-02 9.95397568e-03
 3.20267677e-03 4.66910601e-02 4.11862135e-02 2.73900032e-02
 1.16678476e-02 5.26033640e-02 6.69811964e-02 9.49351788e-02
 8.37883949e-02 1.37213588e-01 9.07783508e-02 1.13789558e-01
 1.06194377e-01 1.19740725e-01 6.39468431e-02 5.27288914e-02
 1.00016594e-04 2.15860605e-02 1.58237219e-02 1.46749020e-02
 5.52530289e-02 2.51770020e-03 8.09431076e-03 3.92785072e-02
 2.48229504e-02 8.73299241e-02 5.91225624e-02 1.24323249e-01
 8.74058008e-02 2.02416480e-02 1.35973945e-01 1.12207577e-01
 1.90327018e-01 2.26389408e-01 1.08256638e-01 8.08920860e-02
 1.14426613e-02 1.57861114e-02 4.83789444e-02 4.53484058e-03
 2.29333341e-02 6.87420368e-04 1.53877139e-02 2.68359780e-02
 4.59334254e-02 4.64685559e-02 5.39270639e-02 2.22617388e-03
 4.26759124e-02 4.28185463e-02 2.87191868e-02 7.11631179e-02
 1.14994049e-02 8.07265043e-02 1.10337853e-01 6.11426830e-02
 4.22804356e-02 2.15150118e-02 9.12858248e-02 1.43813491e-01
 1.73165619e-01 2.03769147e-01 2.53066063e-01 2.48246312e-01
 2.93393612e-01 2.74528205e-01 2.27909565e-01 2.00723290e-01
 1.36616707e-01 1.61418676e-01 7.19878674e-02 9.33897495e-02
 8.21720362e-02 6.84261322e-02 5.28367758e-02 8.20040703e-04
 3.15558910e-03 2.58364677e-02 7.19270110e-02 9.44596529e-02
 1.67080432e-01 1.63911000e-01 2.55095661e-02 8.65579247e-02
 1.34167016e-01 1.43786609e-01 7.19663501e-02 1.22366548e-01
 1.31078005e-01 1.75856709e-01 1.63309097e-01 1.98285699e-01
 1.91640973e-01 1.56623006e-01 1.03503704e-01 8.69278908e-02
 8.84550810e-02 1.71725750e-02 9.05103683e-02 7.61902332e-03
 1.89335346e-02 1.92600489e-02 1.76889896e-02 3.81720066e-02
 1.43032074e-02 1.22810602e-02 2.75912285e-02 3.07214260e-03
 9.92250443e-03 3.06038857e-02 8.32576752e-02 4.35202122e-02
 9.92614031e-02 3.68779898e-02 3.68062258e-02 7.47545958e-02
 1.55554652e-01 1.00433111e-01 9.59032774e-02 3.32826376e-02
 3.57438326e-02 5.41921258e-02 1.94255412e-02 5.72492182e-02
 8.50378275e-02 1.26869515e-01 1.66755036e-01 1.99189290e-01
 1.06174149e-01 1.01728559e-01 5.97540736e-02 5.22260815e-02
 1.45153850e-01 1.89236373e-01 2.14985251e-01 1.89707696e-01
 1.90930068e-01 1.68177634e-01 1.16636336e-01 1.43466473e-01
 1.06475234e-01 6.10798597e-02 5.08352518e-02 1.23935938e-03
 8.76863599e-02 9.61961150e-02 1.05907381e-01 1.17395103e-01
 1.09473467e-01 1.54486418e-01 1.87826753e-01 1.52809978e-01
 1.10010505e-01 9.03608799e-02 1.61683559e-03 6.93780184e-02
 5.41371703e-02 1.26572847e-01 1.38123333e-01 1.38307452e-01
 1.27548873e-01 8.69397521e-02 3.38071585e-02 5.53321838e-03
 2.07910538e-02 4.84840870e-02 7.27189779e-02 6.50912523e-02
 6.59832954e-02 5.85565567e-02 5.00833988e-02 5.78768253e-02
 7.77579546e-02 5.83277345e-02 5.50121069e-03 9.96214747e-02